{
 "cells": [
  {
   "cell_type": "code",
   "execution_count": 1,
   "id": "d07314f5",
   "metadata": {},
   "outputs": [
    {
     "name": "stdout",
     "output_type": "stream",
     "text": [
      "Initial CWD: c:\\Mac\\Home\\Documents\\PythonTradingBot\n",
      "Changing CWD to 'src' subdirectory: c:\\Mac\\Home\\Documents\\PythonTradingBot\\src\n",
      "Final CWD: c:\\Mac\\Home\\Documents\\PythonTradingBot\\src\n"
     ]
    }
   ],
   "source": [
    "import pandas as pd\n",
    "import os\n",
    "\n",
    "current_path = os.getcwd()\n",
    "print(f\"Initial CWD: {current_path}\")\n",
    "\n",
    "if os.path.basename(current_path).lower() == \"src\":\n",
    "    print(f\"Current directory is already named 'src': {current_path}\")\n",
    "elif os.path.isdir(os.path.join(current_path, \"src\")):\n",
    "    print(f\"Changing CWD to 'src' subdirectory: {os.path.join(current_path, 'src')}\")\n",
    "    os.chdir(os.path.join(current_path, \"src\"))\n",
    "else:\n",
    "    raise FileNotFoundError(\n",
    "        f\"Could not find 'src' directory. CWD: {current_path}. \"\n",
    "        \"Ensure 'src' is a subdirectory or your notebook is in 'src'.\"\n",
    "    )\n",
    "print(f\"Final CWD: {os.getcwd()}\")\n",
    "\n",
    "from backtesting.platform_conector_mt5.platform_connector_mt5 import BacktestPlatformConnector\n",
    "from backtesting.data_source_mt5.data_source_mt5 import MT5BacktestDataSource\n",
    "from portfolio.portfolio import Portfolio\n",
    "from backtesting_director.backtesting_director import BacktestingDirector\n",
    "from strategy_manager.strategy_manager import StrategyManager\n",
    "from strategy_manager.properties.strategy_manager_properties import MACrossoverProps, RSIProps\n",
    "from position_sizer.position_sizer import PositionSizer\n",
    "from position_sizer.properties.position_sizer_properties import FixedSizingProps\n",
    "from risk_manager.risk_manager import RiskManager\n",
    "from risk_manager.properties.risk_manager_properties import MaxLeverageFactorRiskProps\n",
    "from backtesting.data_display_mt5.data_display_mt5 import DataDisplayMT5\n",
    "from backtesting.order_executor_mt5.order_executor_mt5 import BacktestOrderExecutor\n",
    "from queue import Queue"
   ]
  },
  {
   "cell_type": "code",
   "execution_count": 2,
   "id": "81140431",
   "metadata": {},
   "outputs": [
    {
     "name": "stdout",
     "output_type": "stream",
     "text": [
      "2025-06-10 19:08:54 - Receiving DATA EVENT from: EURUSD - last close price: 1.13729\n",
      "2025-06-10 19:08:54 - Receiving DATA EVENT from: EURUSD - last close price: 1.1362\n",
      "2025-06-10 19:08:54 - Receiving DATA EVENT from: EURUSD - last close price: 1.13586\n",
      "2025-06-10 19:08:54 - Receiving DATA EVENT from: EURUSD - last close price: 1.13426\n",
      "2025-06-10 19:08:54 - Receiving DATA EVENT from: EURUSD - last close price: 1.13482\n",
      "2025-06-10 19:08:54 - Receiving DATA EVENT from: EURUSD - last close price: 1.13405\n",
      "Signal generated: StrategyType.SELL for EURUSD\n",
      "2025-06-10 19:08:54 - Receiving STRATEGY EVENT for: StrategyType.SELL from: EURUSD \n",
      "2025-06-10 19:08:54 - Receiving SIZING EVENT with position size: 0.1 for: StrategyType.SELL from: EURUSD \n",
      "()\n",
      "2025-06-10 19:08:54 - Receiving ORDER EVENT with position size: 0.1 for: StrategyType.SELL from: EURUSD \n",
      "BACKTEST EXEC: Market sell 0.1 EURUSD @ 1.13405 at 2022-01-03 06:00:00\n",
      "2025-06-10 19:08:54 - Receiving EXECUTION EVENT for: StrategyType.SELL in EURUSD with volume: 0.1 at price: 1.13405  \n",
      "EURUSD - MARKET ORDER Execution event for EURUSD with volume 0.1 at price 1.13405\n",
      "2025-06-10 19:08:54 - Receiving DATA EVENT from: EURUSD - last close price: 1.1338\n",
      "2025-06-10 19:08:54 - Receiving DATA EVENT from: EURUSD - last close price: 1.13431\n",
      "2025-06-10 19:08:54 - Receiving DATA EVENT from: EURUSD - last close price: 1.13481\n",
      "2025-06-10 19:08:54 - Receiving DATA EVENT from: EURUSD - last close price: 1.13466\n",
      "2025-06-10 19:08:54 - Receiving DATA EVENT from: EURUSD - last close price: 1.13516\n",
      "2025-06-10 19:08:54 - Receiving DATA EVENT from: EURUSD - last close price: 1.13554\n",
      "BACKTEST CLOSE_STRATEGY: Attempting to close position ticket 7a8f0a72-d39f-419c-b02b-7e189cb789ea for EURUSD\n",
      "BACKTEST CLOSE: Closed sell 7a8f0a72-d39f-419c-b02b-7e189cb789ea for EURUSD @ 1.13554, PnL: -14.90\n",
      "Signal generated: StrategyType.BUY for EURUSD\n",
      "2025-06-10 19:08:54 - Receiving EXECUTION EVENT for: StrategyType.BUY in EURUSD with volume: 0.1 at price: 1.13554  \n",
      "EURUSD - MARKET ORDER Execution event for EURUSD with volume 0.1 at price 1.13554\n",
      "2025-06-10 19:08:54 - Receiving STRATEGY EVENT for: StrategyType.BUY from: EURUSD \n",
      "2025-06-10 19:08:54 - Receiving SIZING EVENT with position size: 0.1 for: StrategyType.BUY from: EURUSD \n",
      "()\n",
      "2025-06-10 19:08:54 - Receiving ORDER EVENT with position size: 0.1 for: StrategyType.BUY from: EURUSD \n",
      "BACKTEST EXEC: Market buy 0.1 EURUSD @ 1.13554 at 2022-01-03 12:00:00\n",
      "2025-06-10 19:08:54 - Receiving EXECUTION EVENT for: StrategyType.BUY in EURUSD with volume: 0.1 at price: 1.13554  \n",
      "EURUSD - MARKET ORDER Execution event for EURUSD with volume 0.1 at price 1.13554\n",
      "2025-06-10 19:08:54 - Receiving DATA EVENT from: EURUSD - last close price: 1.13557\n",
      "2025-06-10 19:08:54 - Receiving DATA EVENT from: EURUSD - last close price: 1.13586\n",
      "2025-06-10 19:08:54 - Receiving DATA EVENT from: EURUSD - last close price: 1.13509\n",
      "2025-06-10 19:08:54 - Receiving DATA EVENT from: EURUSD - last close price: 1.13061\n",
      "BACKTEST CLOSE_STRATEGY: Attempting to close position ticket f4765ca6-2190-4cbb-b6ea-3eb7b86ec0b4 for EURUSD\n",
      "BACKTEST CLOSE: Closed buy f4765ca6-2190-4cbb-b6ea-3eb7b86ec0b4 for EURUSD @ 1.13061, PnL: -49.30\n",
      "Signal generated: StrategyType.SELL for EURUSD\n",
      "2025-06-10 19:08:54 - Receiving EXECUTION EVENT for: StrategyType.SELL in EURUSD with volume: 0.1 at price: 1.13061  \n",
      "EURUSD - MARKET ORDER Execution event for EURUSD with volume 0.1 at price 1.13061\n",
      "2025-06-10 19:08:54 - Receiving STRATEGY EVENT for: StrategyType.SELL from: EURUSD \n",
      "2025-06-10 19:08:54 - Receiving SIZING EVENT with position size: 0.1 for: StrategyType.SELL from: EURUSD \n",
      "()\n",
      "2025-06-10 19:08:54 - Receiving ORDER EVENT with position size: 0.1 for: StrategyType.SELL from: EURUSD \n",
      "BACKTEST EXEC: Market sell 0.1 EURUSD @ 1.13061 at 2022-01-03 16:00:00\n",
      "2025-06-10 19:08:54 - Receiving EXECUTION EVENT for: StrategyType.SELL in EURUSD with volume: 0.1 at price: 1.13061  \n",
      "EURUSD - MARKET ORDER Execution event for EURUSD with volume 0.1 at price 1.13061\n",
      "2025-06-10 19:08:54 - Receiving DATA EVENT from: EURUSD - last close price: 1.12917\n",
      "2025-06-10 19:08:54 - Receiving DATA EVENT from: EURUSD - last close price: 1.12889\n",
      "2025-06-10 19:08:54 - Receiving DATA EVENT from: EURUSD - last close price: 1.12838\n",
      "2025-06-10 19:08:54 - Receiving DATA EVENT from: EURUSD - last close price: 1.12948\n",
      "2025-06-10 19:08:54 - Receiving DATA EVENT from: EURUSD - last close price: 1.12973\n",
      "2025-06-10 19:08:54 - Receiving DATA EVENT from: EURUSD - last close price: 1.12965\n",
      "2025-06-10 19:08:54 - Receiving DATA EVENT from: EURUSD - last close price: 1.12979\n",
      "2025-06-10 19:08:54 - Receiving DATA EVENT from: EURUSD - last close price: 1.12947\n",
      "2025-06-10 19:08:54 - Receiving DATA EVENT from: EURUSD - last close price: 1.1302\n",
      "BACKTEST CLOSE_STRATEGY: Attempting to close position ticket 720a6968-ee3f-4471-8382-441cd1aa8423 for EURUSD\n",
      "BACKTEST CLOSE: Closed sell 720a6968-ee3f-4471-8382-441cd1aa8423 for EURUSD @ 1.1302, PnL: 4.10\n",
      "Signal generated: StrategyType.BUY for EURUSD\n",
      "2025-06-10 19:08:54 - Receiving EXECUTION EVENT for: StrategyType.BUY in EURUSD with volume: 0.1 at price: 1.1302  \n",
      "EURUSD - MARKET ORDER Execution event for EURUSD with volume 0.1 at price 1.1302\n",
      "2025-06-10 19:08:54 - Receiving STRATEGY EVENT for: StrategyType.BUY from: EURUSD \n",
      "2025-06-10 19:08:54 - Receiving SIZING EVENT with position size: 0.1 for: StrategyType.BUY from: EURUSD \n",
      "()\n",
      "2025-06-10 19:08:54 - Receiving ORDER EVENT with position size: 0.1 for: StrategyType.BUY from: EURUSD \n",
      "BACKTEST EXEC: Market buy 0.1 EURUSD @ 1.1302 at 2022-01-04 01:00:00\n",
      "2025-06-10 19:08:54 - Receiving EXECUTION EVENT for: StrategyType.BUY in EURUSD with volume: 0.1 at price: 1.1302  \n",
      "EURUSD - MARKET ORDER Execution event for EURUSD with volume 0.1 at price 1.1302\n",
      "2025-06-10 19:08:54 - Receiving DATA EVENT from: EURUSD - last close price: 1.13056\n",
      "2025-06-10 19:08:54 - Receiving DATA EVENT from: EURUSD - last close price: 1.13067\n",
      "2025-06-10 19:08:54 - Receiving DATA EVENT from: EURUSD - last close price: 1.13022\n",
      "2025-06-10 19:08:54 - Receiving DATA EVENT from: EURUSD - last close price: 1.12978\n",
      "2025-06-10 19:08:54 - Receiving DATA EVENT from: EURUSD - last close price: 1.13008\n",
      "2025-06-10 19:08:54 - Receiving DATA EVENT from: EURUSD - last close price: 1.1305\n",
      "2025-06-10 19:08:54 - Receiving DATA EVENT from: EURUSD - last close price: 1.1293\n",
      "BACKTEST CLOSE_STRATEGY: Attempting to close position ticket 1f0a0792-47d2-4b7a-890d-d0457eccd39c for EURUSD\n",
      "BACKTEST CLOSE: Closed buy 1f0a0792-47d2-4b7a-890d-d0457eccd39c for EURUSD @ 1.1293, PnL: -9.00\n",
      "Signal generated: StrategyType.SELL for EURUSD\n",
      "2025-06-10 19:08:54 - Receiving EXECUTION EVENT for: StrategyType.SELL in EURUSD with volume: 0.1 at price: 1.1293  \n",
      "EURUSD - MARKET ORDER Execution event for EURUSD with volume 0.1 at price 1.1293\n",
      "2025-06-10 19:08:54 - Receiving STRATEGY EVENT for: StrategyType.SELL from: EURUSD \n",
      "2025-06-10 19:08:54 - Receiving SIZING EVENT with position size: 0.1 for: StrategyType.SELL from: EURUSD \n",
      "()\n",
      "2025-06-10 19:08:54 - Receiving ORDER EVENT with position size: 0.1 for: StrategyType.SELL from: EURUSD \n",
      "BACKTEST EXEC: Market sell 0.1 EURUSD @ 1.1293 at 2022-01-04 08:00:00\n",
      "2025-06-10 19:08:54 - Receiving EXECUTION EVENT for: StrategyType.SELL in EURUSD with volume: 0.1 at price: 1.1293  \n",
      "EURUSD - MARKET ORDER Execution event for EURUSD with volume 0.1 at price 1.1293\n",
      "2025-06-10 19:08:54 - Receiving DATA EVENT from: EURUSD - last close price: 1.12916\n",
      "2025-06-10 19:08:54 - Receiving DATA EVENT from: EURUSD - last close price: 1.12897\n",
      "2025-06-10 19:08:54 - Receiving DATA EVENT from: EURUSD - last close price: 1.13021\n",
      "2025-06-10 19:08:54 - Receiving DATA EVENT from: EURUSD - last close price: 1.12946\n",
      "2025-06-10 19:08:54 - Receiving DATA EVENT from: EURUSD - last close price: 1.12762\n",
      "2025-06-10 19:08:54 - Receiving DATA EVENT from: EURUSD - last close price: 1.1273\n",
      "2025-06-10 19:08:54 - Receiving DATA EVENT from: EURUSD - last close price: 1.12801\n",
      "2025-06-10 19:08:54 - Receiving DATA EVENT from: EURUSD - last close price: 1.1285\n",
      "2025-06-10 19:08:54 - Receiving DATA EVENT from: EURUSD - last close price: 1.1309\n",
      "2025-06-10 19:08:54 - Receiving DATA EVENT from: EURUSD - last close price: 1.12946\n",
      "2025-06-10 19:08:54 - Receiving DATA EVENT from: EURUSD - last close price: 1.12938\n",
      "BACKTEST CLOSE_STRATEGY: Attempting to close position ticket c79c0511-f952-49a0-864e-e07de32646b8 for EURUSD\n",
      "BACKTEST CLOSE: Closed sell c79c0511-f952-49a0-864e-e07de32646b8 for EURUSD @ 1.12938, PnL: -0.80\n",
      "Signal generated: StrategyType.BUY for EURUSD\n",
      "2025-06-10 19:08:54 - Receiving EXECUTION EVENT for: StrategyType.BUY in EURUSD with volume: 0.1 at price: 1.12938  \n",
      "EURUSD - MARKET ORDER Execution event for EURUSD with volume 0.1 at price 1.12938\n",
      "2025-06-10 19:08:54 - Receiving STRATEGY EVENT for: StrategyType.BUY from: EURUSD \n",
      "2025-06-10 19:08:54 - Receiving SIZING EVENT with position size: 0.1 for: StrategyType.BUY from: EURUSD \n",
      "()\n",
      "2025-06-10 19:08:54 - Receiving ORDER EVENT with position size: 0.1 for: StrategyType.BUY from: EURUSD \n",
      "BACKTEST EXEC: Market buy 0.1 EURUSD @ 1.12938 at 2022-01-04 19:00:00\n",
      "2025-06-10 19:08:54 - Receiving EXECUTION EVENT for: StrategyType.BUY in EURUSD with volume: 0.1 at price: 1.12938  \n",
      "EURUSD - MARKET ORDER Execution event for EURUSD with volume 0.1 at price 1.12938\n",
      "2025-06-10 19:08:54 - Receiving DATA EVENT from: EURUSD - last close price: 1.12802\n",
      "2025-06-10 19:08:54 - Receiving DATA EVENT from: EURUSD - last close price: 1.12878\n",
      "2025-06-10 19:08:54 - Receiving DATA EVENT from: EURUSD - last close price: 1.12845\n",
      "2025-06-10 19:08:54 - Receiving DATA EVENT from: EURUSD - last close price: 1.12874\n",
      "BACKTEST CLOSE_STRATEGY: Attempting to close position ticket bcdf1882-aaaf-426f-aa75-70dd10351d1f for EURUSD\n",
      "BACKTEST CLOSE: Closed buy bcdf1882-aaaf-426f-aa75-70dd10351d1f for EURUSD @ 1.12874, PnL: -6.40\n",
      "Signal generated: StrategyType.SELL for EURUSD\n",
      "2025-06-10 19:08:54 - Receiving EXECUTION EVENT for: StrategyType.SELL in EURUSD with volume: 0.1 at price: 1.12874  \n",
      "EURUSD - MARKET ORDER Execution event for EURUSD with volume 0.1 at price 1.12874\n",
      "2025-06-10 19:08:54 - Receiving STRATEGY EVENT for: StrategyType.SELL from: EURUSD \n",
      "2025-06-10 19:08:54 - Receiving SIZING EVENT with position size: 0.1 for: StrategyType.SELL from: EURUSD \n",
      "()\n",
      "2025-06-10 19:08:54 - Receiving ORDER EVENT with position size: 0.1 for: StrategyType.SELL from: EURUSD \n",
      "BACKTEST EXEC: Market sell 0.1 EURUSD @ 1.12874 at 2022-01-04 23:00:00\n",
      "2025-06-10 19:08:54 - Receiving EXECUTION EVENT for: StrategyType.SELL in EURUSD with volume: 0.1 at price: 1.12874  \n",
      "EURUSD - MARKET ORDER Execution event for EURUSD with volume 0.1 at price 1.12874\n",
      "2025-06-10 19:08:54 - Receiving DATA EVENT from: EURUSD - last close price: 1.12828\n",
      "2025-06-10 19:08:54 - Receiving DATA EVENT from: EURUSD - last close price: 1.12828\n",
      "2025-06-10 19:08:54 - Receiving DATA EVENT from: EURUSD - last close price: 1.12772\n",
      "2025-06-10 19:08:54 - Receiving DATA EVENT from: EURUSD - last close price: 1.12858\n",
      "2025-06-10 19:08:54 - Receiving DATA EVENT from: EURUSD - last close price: 1.12921\n",
      "2025-06-10 19:08:54 - Receiving DATA EVENT from: EURUSD - last close price: 1.12958\n",
      "BACKTEST CLOSE_STRATEGY: Attempting to close position ticket ec968ec1-02c4-4439-9364-158650c9c30d for EURUSD\n",
      "BACKTEST CLOSE: Closed sell ec968ec1-02c4-4439-9364-158650c9c30d for EURUSD @ 1.12958, PnL: -8.40\n",
      "Signal generated: StrategyType.BUY for EURUSD\n",
      "2025-06-10 19:08:54 - Receiving EXECUTION EVENT for: StrategyType.BUY in EURUSD with volume: 0.1 at price: 1.12958  \n",
      "EURUSD - MARKET ORDER Execution event for EURUSD with volume 0.1 at price 1.12958\n",
      "2025-06-10 19:08:54 - Receiving STRATEGY EVENT for: StrategyType.BUY from: EURUSD \n",
      "2025-06-10 19:08:54 - Receiving SIZING EVENT with position size: 0.1 for: StrategyType.BUY from: EURUSD \n",
      "()\n",
      "2025-06-10 19:08:54 - Receiving ORDER EVENT with position size: 0.1 for: StrategyType.BUY from: EURUSD \n",
      "BACKTEST EXEC: Market buy 0.1 EURUSD @ 1.12958 at 2022-01-05 05:00:00\n",
      "2025-06-10 19:08:54 - Receiving EXECUTION EVENT for: StrategyType.BUY in EURUSD with volume: 0.1 at price: 1.12958  \n",
      "EURUSD - MARKET ORDER Execution event for EURUSD with volume 0.1 at price 1.12958\n",
      "2025-06-10 19:08:54 - Receiving DATA EVENT from: EURUSD - last close price: 1.1289\n",
      "2025-06-10 19:08:54 - Receiving DATA EVENT from: EURUSD - last close price: 1.12939\n",
      "2025-06-10 19:08:54 - Receiving DATA EVENT from: EURUSD - last close price: 1.12959\n",
      "2025-06-10 19:08:54 - Receiving DATA EVENT from: EURUSD - last close price: 1.12988\n",
      "2025-06-10 19:08:54 - Receiving DATA EVENT from: EURUSD - last close price: 1.13028\n",
      "2025-06-10 19:08:54 - Receiving DATA EVENT from: EURUSD - last close price: 1.13064\n",
      "2025-06-10 19:08:54 - Receiving DATA EVENT from: EURUSD - last close price: 1.13082\n",
      "2025-06-10 19:08:54 - Receiving DATA EVENT from: EURUSD - last close price: 1.1319\n",
      "2025-06-10 19:08:54 - Receiving DATA EVENT from: EURUSD - last close price: 1.1307800000000001\n",
      "2025-06-10 19:08:54 - Receiving DATA EVENT from: EURUSD - last close price: 1.13239\n",
      "2025-06-10 19:08:54 - Receiving DATA EVENT from: EURUSD - last close price: 1.13358\n",
      "2025-06-10 19:08:54 - Receiving DATA EVENT from: EURUSD - last close price: 1.13372\n",
      "2025-06-10 19:08:54 - Receiving DATA EVENT from: EURUSD - last close price: 1.13341\n",
      "2025-06-10 19:08:54 - Receiving DATA EVENT from: EURUSD - last close price: 1.13414\n",
      "2025-06-10 19:08:54 - Receiving DATA EVENT from: EURUSD - last close price: 1.13372\n",
      "2025-06-10 19:08:54 - Receiving DATA EVENT from: EURUSD - last close price: 1.13103\n",
      "2025-06-10 19:08:54 - Receiving DATA EVENT from: EURUSD - last close price: 1.13111\n",
      "2025-06-10 19:08:54 - Receiving DATA EVENT from: EURUSD - last close price: 1.13127\n",
      "BACKTEST CLOSE_STRATEGY: Attempting to close position ticket 0cac1e6f-8c01-4ee6-bf41-c6a3738d0c09 for EURUSD\n",
      "BACKTEST CLOSE: Closed buy 0cac1e6f-8c01-4ee6-bf41-c6a3738d0c09 for EURUSD @ 1.13127, PnL: 16.90\n",
      "Signal generated: StrategyType.SELL for EURUSD\n",
      "2025-06-10 19:08:54 - Receiving EXECUTION EVENT for: StrategyType.SELL in EURUSD with volume: 0.1 at price: 1.13127  \n",
      "EURUSD - MARKET ORDER Execution event for EURUSD with volume 0.1 at price 1.13127\n",
      "2025-06-10 19:08:54 - Receiving STRATEGY EVENT for: StrategyType.SELL from: EURUSD \n",
      "2025-06-10 19:08:54 - Receiving SIZING EVENT with position size: 0.1 for: StrategyType.SELL from: EURUSD \n",
      "()\n",
      "2025-06-10 19:08:54 - Receiving ORDER EVENT with position size: 0.1 for: StrategyType.SELL from: EURUSD \n",
      "BACKTEST EXEC: Market sell 0.1 EURUSD @ 1.13127 at 2022-01-05 23:00:00\n",
      "2025-06-10 19:08:54 - Receiving EXECUTION EVENT for: StrategyType.SELL in EURUSD with volume: 0.1 at price: 1.13127  \n",
      "EURUSD - MARKET ORDER Execution event for EURUSD with volume 0.1 at price 1.13127\n",
      "2025-06-10 19:08:54 - Receiving DATA EVENT from: EURUSD - last close price: 1.13092\n",
      "2025-06-10 19:08:54 - Receiving DATA EVENT from: EURUSD - last close price: 1.13107\n",
      "2025-06-10 19:08:54 - Receiving DATA EVENT from: EURUSD - last close price: 1.13082\n",
      "2025-06-10 19:08:54 - Receiving DATA EVENT from: EURUSD - last close price: 1.13166\n",
      "2025-06-10 19:08:54 - Receiving DATA EVENT from: EURUSD - last close price: 1.13191\n",
      "2025-06-10 19:08:54 - Receiving DATA EVENT from: EURUSD - last close price: 1.13152\n",
      "2025-06-10 19:08:54 - Receiving DATA EVENT from: EURUSD - last close price: 1.13124\n",
      "BACKTEST CLOSE_STRATEGY: Attempting to close position ticket c51f6efa-8816-40ab-afe8-faf0b89b41a1 for EURUSD\n",
      "BACKTEST CLOSE: Closed sell c51f6efa-8816-40ab-afe8-faf0b89b41a1 for EURUSD @ 1.13124, PnL: 0.30\n",
      "Signal generated: StrategyType.BUY for EURUSD\n",
      "2025-06-10 19:08:54 - Receiving EXECUTION EVENT for: StrategyType.BUY in EURUSD with volume: 0.1 at price: 1.13124  \n",
      "EURUSD - MARKET ORDER Execution event for EURUSD with volume 0.1 at price 1.13124\n",
      "2025-06-10 19:08:54 - Receiving STRATEGY EVENT for: StrategyType.BUY from: EURUSD \n",
      "2025-06-10 19:08:54 - Receiving SIZING EVENT with position size: 0.1 for: StrategyType.BUY from: EURUSD \n",
      "()\n",
      "2025-06-10 19:08:54 - Receiving ORDER EVENT with position size: 0.1 for: StrategyType.BUY from: EURUSD \n",
      "BACKTEST EXEC: Market buy 0.1 EURUSD @ 1.13124 at 2022-01-06 06:00:00\n",
      "2025-06-10 19:08:54 - Receiving EXECUTION EVENT for: StrategyType.BUY in EURUSD with volume: 0.1 at price: 1.13124  \n",
      "EURUSD - MARKET ORDER Execution event for EURUSD with volume 0.1 at price 1.13124\n",
      "2025-06-10 19:08:54 - Receiving DATA EVENT from: EURUSD - last close price: 1.13092\n",
      "2025-06-10 19:08:54 - Receiving DATA EVENT from: EURUSD - last close price: 1.12971\n",
      "BACKTEST CLOSE_STRATEGY: Attempting to close position ticket bacd1829-742a-44a9-b300-667197363050 for EURUSD\n",
      "BACKTEST CLOSE: Closed buy bacd1829-742a-44a9-b300-667197363050 for EURUSD @ 1.12971, PnL: -15.30\n",
      "Signal generated: StrategyType.SELL for EURUSD\n",
      "2025-06-10 19:08:54 - Receiving EXECUTION EVENT for: StrategyType.SELL in EURUSD with volume: 0.1 at price: 1.12971  \n",
      "EURUSD - MARKET ORDER Execution event for EURUSD with volume 0.1 at price 1.12971\n",
      "2025-06-10 19:08:54 - Receiving STRATEGY EVENT for: StrategyType.SELL from: EURUSD \n",
      "2025-06-10 19:08:54 - Receiving SIZING EVENT with position size: 0.1 for: StrategyType.SELL from: EURUSD \n",
      "()\n",
      "2025-06-10 19:08:54 - Receiving ORDER EVENT with position size: 0.1 for: StrategyType.SELL from: EURUSD \n",
      "BACKTEST EXEC: Market sell 0.1 EURUSD @ 1.12971 at 2022-01-06 08:00:00\n",
      "2025-06-10 19:08:54 - Receiving EXECUTION EVENT for: StrategyType.SELL in EURUSD with volume: 0.1 at price: 1.12971  \n",
      "EURUSD - MARKET ORDER Execution event for EURUSD with volume 0.1 at price 1.12971\n",
      "2025-06-10 19:08:54 - Receiving DATA EVENT from: EURUSD - last close price: 1.12897\n",
      "2025-06-10 19:08:54 - Receiving DATA EVENT from: EURUSD - last close price: 1.12938\n",
      "2025-06-10 19:08:54 - Receiving DATA EVENT from: EURUSD - last close price: 1.1305399999999999\n",
      "2025-06-10 19:08:54 - Receiving DATA EVENT from: EURUSD - last close price: 1.13124\n",
      "2025-06-10 19:08:54 - Receiving DATA EVENT from: EURUSD - last close price: 1.13132\n",
      "2025-06-10 19:08:54 - Receiving DATA EVENT from: EURUSD - last close price: 1.13133\n",
      "BACKTEST CLOSE_STRATEGY: Attempting to close position ticket 60f08e2d-16e6-454d-bfbb-f2acab5f065b for EURUSD\n",
      "BACKTEST CLOSE: Closed sell 60f08e2d-16e6-454d-bfbb-f2acab5f065b for EURUSD @ 1.13133, PnL: -16.20\n",
      "Signal generated: StrategyType.BUY for EURUSD\n",
      "2025-06-10 19:08:54 - Receiving EXECUTION EVENT for: StrategyType.BUY in EURUSD with volume: 0.1 at price: 1.13133  \n",
      "EURUSD - MARKET ORDER Execution event for EURUSD with volume 0.1 at price 1.13133\n",
      "2025-06-10 19:08:54 - Receiving STRATEGY EVENT for: StrategyType.BUY from: EURUSD \n",
      "2025-06-10 19:08:54 - Receiving SIZING EVENT with position size: 0.1 for: StrategyType.BUY from: EURUSD \n",
      "()\n",
      "2025-06-10 19:08:54 - Receiving ORDER EVENT with position size: 0.1 for: StrategyType.BUY from: EURUSD \n",
      "BACKTEST EXEC: Market buy 0.1 EURUSD @ 1.13133 at 2022-01-06 14:00:00\n",
      "2025-06-10 19:08:54 - Receiving EXECUTION EVENT for: StrategyType.BUY in EURUSD with volume: 0.1 at price: 1.13133  \n",
      "EURUSD - MARKET ORDER Execution event for EURUSD with volume 0.1 at price 1.13133\n",
      "2025-06-10 19:08:54 - Receiving DATA EVENT from: EURUSD - last close price: 1.13122\n",
      "2025-06-10 19:08:54 - Receiving DATA EVENT from: EURUSD - last close price: 1.13215\n",
      "2025-06-10 19:08:54 - Receiving DATA EVENT from: EURUSD - last close price: 1.12959\n",
      "2025-06-10 19:08:54 - Receiving DATA EVENT from: EURUSD - last close price: 1.13072\n",
      "2025-06-10 19:08:54 - Receiving DATA EVENT from: EURUSD - last close price: 1.1296\n",
      "BACKTEST CLOSE_STRATEGY: Attempting to close position ticket ac82fa3c-8abd-4a9e-ab2e-b00322bdff26 for EURUSD\n",
      "BACKTEST CLOSE: Closed buy ac82fa3c-8abd-4a9e-ab2e-b00322bdff26 for EURUSD @ 1.1296, PnL: -17.30\n",
      "Signal generated: StrategyType.SELL for EURUSD\n",
      "2025-06-10 19:08:54 - Receiving EXECUTION EVENT for: StrategyType.SELL in EURUSD with volume: 0.1 at price: 1.1296  \n",
      "EURUSD - MARKET ORDER Execution event for EURUSD with volume 0.1 at price 1.1296\n",
      "2025-06-10 19:08:54 - Receiving STRATEGY EVENT for: StrategyType.SELL from: EURUSD \n",
      "2025-06-10 19:08:54 - Receiving SIZING EVENT with position size: 0.1 for: StrategyType.SELL from: EURUSD \n",
      "()\n",
      "2025-06-10 19:08:54 - Receiving ORDER EVENT with position size: 0.1 for: StrategyType.SELL from: EURUSD \n",
      "BACKTEST EXEC: Market sell 0.1 EURUSD @ 1.1296 at 2022-01-06 19:00:00\n",
      "2025-06-10 19:08:54 - Receiving EXECUTION EVENT for: StrategyType.SELL in EURUSD with volume: 0.1 at price: 1.1296  \n",
      "EURUSD - MARKET ORDER Execution event for EURUSD with volume 0.1 at price 1.1296\n",
      "2025-06-10 19:08:54 - Receiving DATA EVENT from: EURUSD - last close price: 1.12918\n",
      "2025-06-10 19:08:54 - Receiving DATA EVENT from: EURUSD - last close price: 1.12869\n",
      "2025-06-10 19:08:54 - Receiving DATA EVENT from: EURUSD - last close price: 1.12912\n",
      "2025-06-10 19:08:54 - Receiving DATA EVENT from: EURUSD - last close price: 1.12984\n",
      "2025-06-10 19:08:54 - Receiving DATA EVENT from: EURUSD - last close price: 1.12959\n",
      "2025-06-10 19:08:54 - Receiving DATA EVENT from: EURUSD - last close price: 1.1295\n",
      "2025-06-10 19:08:54 - Receiving DATA EVENT from: EURUSD - last close price: 1.12958\n",
      "2025-06-10 19:08:54 - Receiving DATA EVENT from: EURUSD - last close price: 1.13007\n",
      "BACKTEST CLOSE_STRATEGY: Attempting to close position ticket 1ccc1557-e4b6-4f6a-9f77-8cff1f3881e4 for EURUSD\n",
      "BACKTEST CLOSE: Closed sell 1ccc1557-e4b6-4f6a-9f77-8cff1f3881e4 for EURUSD @ 1.13007, PnL: -4.70\n",
      "Signal generated: StrategyType.BUY for EURUSD\n",
      "2025-06-10 19:08:54 - Receiving EXECUTION EVENT for: StrategyType.BUY in EURUSD with volume: 0.1 at price: 1.13007  \n",
      "EURUSD - MARKET ORDER Execution event for EURUSD with volume 0.1 at price 1.13007\n",
      "2025-06-10 19:08:54 - Receiving STRATEGY EVENT for: StrategyType.BUY from: EURUSD \n",
      "2025-06-10 19:08:54 - Receiving SIZING EVENT with position size: 0.1 for: StrategyType.BUY from: EURUSD \n",
      "()\n",
      "2025-06-10 19:08:54 - Receiving ORDER EVENT with position size: 0.1 for: StrategyType.BUY from: EURUSD \n",
      "BACKTEST EXEC: Market buy 0.1 EURUSD @ 1.13007 at 2022-01-07 03:00:00\n",
      "2025-06-10 19:08:54 - Receiving EXECUTION EVENT for: StrategyType.BUY in EURUSD with volume: 0.1 at price: 1.13007  \n",
      "EURUSD - MARKET ORDER Execution event for EURUSD with volume 0.1 at price 1.13007\n",
      "2025-06-10 19:08:54 - Receiving DATA EVENT from: EURUSD - last close price: 1.1295600000000001\n",
      "2025-06-10 19:08:54 - Receiving DATA EVENT from: EURUSD - last close price: 1.12992\n",
      "2025-06-10 19:08:54 - Receiving DATA EVENT from: EURUSD - last close price: 1.13007\n",
      "2025-06-10 19:08:54 - Receiving DATA EVENT from: EURUSD - last close price: 1.13022\n",
      "2025-06-10 19:08:54 - Receiving DATA EVENT from: EURUSD - last close price: 1.12992\n",
      "2025-06-10 19:08:54 - Receiving DATA EVENT from: EURUSD - last close price: 1.13055\n",
      "2025-06-10 19:08:54 - Receiving DATA EVENT from: EURUSD - last close price: 1.13122\n",
      "2025-06-10 19:08:54 - Receiving DATA EVENT from: EURUSD - last close price: 1.13152\n",
      "2025-06-10 19:08:54 - Receiving DATA EVENT from: EURUSD - last close price: 1.13062\n",
      "2025-06-10 19:08:54 - Receiving DATA EVENT from: EURUSD - last close price: 1.13046\n",
      "2025-06-10 19:08:54 - Receiving DATA EVENT from: EURUSD - last close price: 1.12973\n",
      "2025-06-10 19:08:54 - Receiving DATA EVENT from: EURUSD - last close price: 1.13018\n",
      "2025-06-10 19:08:54 - Receiving DATA EVENT from: EURUSD - last close price: 1.13301\n",
      "2025-06-10 19:08:54 - Receiving DATA EVENT from: EURUSD - last close price: 1.13471\n",
      "2025-06-10 19:08:54 - Receiving DATA EVENT from: EURUSD - last close price: 1.13564\n",
      "2025-06-10 19:08:54 - Receiving DATA EVENT from: EURUSD - last close price: 1.13567\n",
      "2025-06-10 19:08:54 - Receiving DATA EVENT from: EURUSD - last close price: 1.13575\n",
      "2025-06-10 19:08:54 - Receiving DATA EVENT from: EURUSD - last close price: 1.13628\n",
      "2025-06-10 19:08:54 - Receiving DATA EVENT from: EURUSD - last close price: 1.13613\n",
      "2025-06-10 19:08:54 - Receiving DATA EVENT from: EURUSD - last close price: 1.13613\n",
      "2025-06-10 19:08:54 - Receiving DATA EVENT from: EURUSD - last close price: 1.13557\n",
      "2025-06-10 19:08:54 - Receiving DATA EVENT from: EURUSD - last close price: 1.13536\n",
      "2025-06-10 19:08:54 - Receiving DATA EVENT from: EURUSD - last close price: 1.13552\n",
      "2025-06-10 19:08:54 - Receiving DATA EVENT from: EURUSD - last close price: 1.13502\n",
      "BACKTEST CLOSE_STRATEGY: Attempting to close position ticket cb23db30-75c3-49d1-b84c-9d8488f47184 for EURUSD\n",
      "BACKTEST CLOSE: Closed buy cb23db30-75c3-49d1-b84c-9d8488f47184 for EURUSD @ 1.13502, PnL: 49.50\n",
      "Signal generated: StrategyType.SELL for EURUSD\n",
      "2025-06-10 19:08:54 - Receiving EXECUTION EVENT for: StrategyType.SELL in EURUSD with volume: 0.1 at price: 1.13502  \n",
      "EURUSD - MARKET ORDER Execution event for EURUSD with volume 0.1 at price 1.13502\n",
      "2025-06-10 19:08:54 - Receiving STRATEGY EVENT for: StrategyType.SELL from: EURUSD \n",
      "2025-06-10 19:08:54 - Receiving SIZING EVENT with position size: 0.1 for: StrategyType.SELL from: EURUSD \n",
      "()\n",
      "2025-06-10 19:08:54 - Receiving ORDER EVENT with position size: 0.1 for: StrategyType.SELL from: EURUSD \n",
      "BACKTEST EXEC: Market sell 0.1 EURUSD @ 1.13502 at 2022-01-10 03:00:00\n",
      "2025-06-10 19:08:54 - Receiving EXECUTION EVENT for: StrategyType.SELL in EURUSD with volume: 0.1 at price: 1.13502  \n",
      "EURUSD - MARKET ORDER Execution event for EURUSD with volume 0.1 at price 1.13502\n",
      "2025-06-10 19:08:54 - Receiving DATA EVENT from: EURUSD - last close price: 1.13396\n",
      "2025-06-10 19:08:54 - Receiving DATA EVENT from: EURUSD - last close price: 1.13376\n",
      "2025-06-10 19:08:54 - Receiving DATA EVENT from: EURUSD - last close price: 1.13342\n",
      "2025-06-10 19:08:54 - Receiving DATA EVENT from: EURUSD - last close price: 1.13349\n",
      "2025-06-10 19:08:54 - Receiving DATA EVENT from: EURUSD - last close price: 1.13335\n",
      "2025-06-10 19:08:54 - Receiving DATA EVENT from: EURUSD - last close price: 1.1329\n",
      "2025-06-10 19:08:54 - Receiving DATA EVENT from: EURUSD - last close price: 1.13358\n",
      "2025-06-10 19:08:54 - Receiving DATA EVENT from: EURUSD - last close price: 1.13266\n",
      "2025-06-10 19:08:54 - Receiving DATA EVENT from: EURUSD - last close price: 1.13297\n",
      "2025-06-10 19:08:54 - Receiving DATA EVENT from: EURUSD - last close price: 1.13255\n",
      "2025-06-10 19:08:54 - Receiving DATA EVENT from: EURUSD - last close price: 1.13163\n",
      "2025-06-10 19:08:54 - Receiving DATA EVENT from: EURUSD - last close price: 1.12972\n",
      "2025-06-10 19:08:54 - Receiving DATA EVENT from: EURUSD - last close price: 1.12973\n",
      "2025-06-10 19:08:54 - Receiving DATA EVENT from: EURUSD - last close price: 1.13188\n",
      "2025-06-10 19:08:54 - Receiving DATA EVENT from: EURUSD - last close price: 1.13276\n",
      "2025-06-10 19:08:54 - Receiving DATA EVENT from: EURUSD - last close price: 1.13287\n",
      "2025-06-10 19:08:54 - Receiving DATA EVENT from: EURUSD - last close price: 1.13224\n",
      "2025-06-10 19:08:54 - Receiving DATA EVENT from: EURUSD - last close price: 1.1323400000000001\n",
      "BACKTEST CLOSE_STRATEGY: Attempting to close position ticket dd656ac0-8749-4b20-9e34-af2571e1f63f for EURUSD\n",
      "BACKTEST CLOSE: Closed sell dd656ac0-8749-4b20-9e34-af2571e1f63f for EURUSD @ 1.1323400000000001, PnL: 26.80\n",
      "Signal generated: StrategyType.BUY for EURUSD\n",
      "2025-06-10 19:08:54 - Receiving EXECUTION EVENT for: StrategyType.BUY in EURUSD with volume: 0.1 at price: 1.1323400000000001  \n",
      "EURUSD - MARKET ORDER Execution event for EURUSD with volume 0.1 at price 1.1323400000000001\n",
      "2025-06-10 19:08:54 - Receiving STRATEGY EVENT for: StrategyType.BUY from: EURUSD \n",
      "2025-06-10 19:08:54 - Receiving SIZING EVENT with position size: 0.1 for: StrategyType.BUY from: EURUSD \n",
      "()\n",
      "2025-06-10 19:08:54 - Receiving ORDER EVENT with position size: 0.1 for: StrategyType.BUY from: EURUSD \n",
      "BACKTEST EXEC: Market buy 0.1 EURUSD @ 1.1323400000000001 at 2022-01-10 21:00:00\n",
      "2025-06-10 19:08:54 - Receiving EXECUTION EVENT for: StrategyType.BUY in EURUSD with volume: 0.1 at price: 1.1323400000000001  \n",
      "EURUSD - MARKET ORDER Execution event for EURUSD with volume 0.1 at price 1.1323400000000001\n",
      "2025-06-10 19:08:54 - Receiving DATA EVENT from: EURUSD - last close price: 1.13262\n",
      "2025-06-10 19:08:54 - Receiving DATA EVENT from: EURUSD - last close price: 1.13283\n",
      "2025-06-10 19:08:54 - Receiving DATA EVENT from: EURUSD - last close price: 1.13264\n",
      "2025-06-10 19:08:54 - Receiving DATA EVENT from: EURUSD - last close price: 1.13302\n",
      "2025-06-10 19:08:54 - Receiving DATA EVENT from: EURUSD - last close price: 1.1333\n",
      "2025-06-10 19:08:54 - Receiving DATA EVENT from: EURUSD - last close price: 1.13365\n",
      "2025-06-10 19:08:54 - Receiving DATA EVENT from: EURUSD - last close price: 1.1338\n",
      "2025-06-10 19:08:54 - Receiving DATA EVENT from: EURUSD - last close price: 1.13416\n",
      "2025-06-10 19:08:54 - Receiving DATA EVENT from: EURUSD - last close price: 1.13408\n",
      "2025-06-10 19:08:54 - Receiving DATA EVENT from: EURUSD - last close price: 1.1339\n",
      "2025-06-10 19:08:54 - Receiving DATA EVENT from: EURUSD - last close price: 1.13364\n",
      "2025-06-10 19:08:54 - Receiving DATA EVENT from: EURUSD - last close price: 1.1341700000000001\n",
      "2025-06-10 19:08:54 - Receiving DATA EVENT from: EURUSD - last close price: 1.13494\n",
      "2025-06-10 19:08:54 - Receiving DATA EVENT from: EURUSD - last close price: 1.13334\n",
      "2025-06-10 19:08:54 - Receiving DATA EVENT from: EURUSD - last close price: 1.13302\n",
      "BACKTEST CLOSE_STRATEGY: Attempting to close position ticket 6e2308e1-3aea-4874-9657-782a0802871f for EURUSD\n",
      "BACKTEST CLOSE: Closed buy 6e2308e1-3aea-4874-9657-782a0802871f for EURUSD @ 1.13302, PnL: 6.80\n",
      "Signal generated: StrategyType.SELL for EURUSD\n",
      "2025-06-10 19:08:54 - Receiving EXECUTION EVENT for: StrategyType.SELL in EURUSD with volume: 0.1 at price: 1.13302  \n",
      "EURUSD - MARKET ORDER Execution event for EURUSD with volume 0.1 at price 1.13302\n",
      "2025-06-10 19:08:54 - Receiving STRATEGY EVENT for: StrategyType.SELL from: EURUSD \n",
      "2025-06-10 19:08:54 - Receiving SIZING EVENT with position size: 0.1 for: StrategyType.SELL from: EURUSD \n",
      "()\n",
      "2025-06-10 19:08:54 - Receiving ORDER EVENT with position size: 0.1 for: StrategyType.SELL from: EURUSD \n",
      "BACKTEST EXEC: Market sell 0.1 EURUSD @ 1.13302 at 2022-01-11 12:00:00\n",
      "2025-06-10 19:08:54 - Receiving EXECUTION EVENT for: StrategyType.SELL in EURUSD with volume: 0.1 at price: 1.13302  \n",
      "EURUSD - MARKET ORDER Execution event for EURUSD with volume 0.1 at price 1.13302\n",
      "2025-06-10 19:08:54 - Receiving DATA EVENT from: EURUSD - last close price: 1.13388\n",
      "2025-06-10 19:08:54 - Receiving DATA EVENT from: EURUSD - last close price: 1.13313\n",
      "2025-06-10 19:08:54 - Receiving DATA EVENT from: EURUSD - last close price: 1.1326\n",
      "2025-06-10 19:08:54 - Receiving DATA EVENT from: EURUSD - last close price: 1.1323400000000001\n",
      "2025-06-10 19:08:54 - Receiving DATA EVENT from: EURUSD - last close price: 1.13404\n",
      "2025-06-10 19:08:54 - Receiving DATA EVENT from: EURUSD - last close price: 1.1362\n",
      "2025-06-10 19:08:54 - Receiving DATA EVENT from: EURUSD - last close price: 1.13543\n",
      "BACKTEST CLOSE_STRATEGY: Attempting to close position ticket 9dfddfa5-dd3d-4e9c-b3ee-0eab91801c6e for EURUSD\n",
      "BACKTEST CLOSE: Closed sell 9dfddfa5-dd3d-4e9c-b3ee-0eab91801c6e for EURUSD @ 1.13543, PnL: -24.10\n",
      "Signal generated: StrategyType.BUY for EURUSD\n",
      "2025-06-10 19:08:54 - Receiving EXECUTION EVENT for: StrategyType.BUY in EURUSD with volume: 0.1 at price: 1.13543  \n",
      "EURUSD - MARKET ORDER Execution event for EURUSD with volume 0.1 at price 1.13543\n",
      "2025-06-10 19:08:54 - Receiving STRATEGY EVENT for: StrategyType.BUY from: EURUSD \n",
      "2025-06-10 19:08:54 - Receiving SIZING EVENT with position size: 0.1 for: StrategyType.BUY from: EURUSD \n",
      "()\n",
      "2025-06-10 19:08:54 - Receiving ORDER EVENT with position size: 0.1 for: StrategyType.BUY from: EURUSD \n",
      "BACKTEST EXEC: Market buy 0.1 EURUSD @ 1.13543 at 2022-01-11 19:00:00\n",
      "2025-06-10 19:08:54 - Receiving EXECUTION EVENT for: StrategyType.BUY in EURUSD with volume: 0.1 at price: 1.13543  \n",
      "EURUSD - MARKET ORDER Execution event for EURUSD with volume 0.1 at price 1.13543\n",
      "2025-06-10 19:08:54 - Receiving DATA EVENT from: EURUSD - last close price: 1.13666\n",
      "2025-06-10 19:08:54 - Receiving DATA EVENT from: EURUSD - last close price: 1.13668\n",
      "2025-06-10 19:08:54 - Receiving DATA EVENT from: EURUSD - last close price: 1.13657\n",
      "2025-06-10 19:08:54 - Receiving DATA EVENT from: EURUSD - last close price: 1.13652\n",
      "2025-06-10 19:08:54 - Receiving DATA EVENT from: EURUSD - last close price: 1.13684\n",
      "2025-06-10 19:08:54 - Receiving DATA EVENT from: EURUSD - last close price: 1.1366\n",
      "2025-06-10 19:08:54 - Receiving DATA EVENT from: EURUSD - last close price: 1.1371\n",
      "2025-06-10 19:08:54 - Receiving DATA EVENT from: EURUSD - last close price: 1.137\n",
      "2025-06-10 19:08:54 - Receiving DATA EVENT from: EURUSD - last close price: 1.1372\n",
      "2025-06-10 19:08:54 - Receiving DATA EVENT from: EURUSD - last close price: 1.13748\n",
      "2025-06-10 19:08:54 - Receiving DATA EVENT from: EURUSD - last close price: 1.13727\n",
      "2025-06-10 19:08:54 - Receiving DATA EVENT from: EURUSD - last close price: 1.13733\n",
      "2025-06-10 19:08:54 - Receiving DATA EVENT from: EURUSD - last close price: 1.13647\n",
      "2025-06-10 19:08:54 - Receiving DATA EVENT from: EURUSD - last close price: 1.13587\n",
      "BACKTEST CLOSE_STRATEGY: Attempting to close position ticket 8ddcc155-f66b-40a3-98d4-3684c19fd421 for EURUSD\n",
      "BACKTEST CLOSE: Closed buy 8ddcc155-f66b-40a3-98d4-3684c19fd421 for EURUSD @ 1.13587, PnL: 4.40\n",
      "Signal generated: StrategyType.SELL for EURUSD\n",
